IN
1:0			f0 43 10 3e 19 01 00 37 00 00 00 00 00 00 00 00 00 f7
1:100		f0 43 10 3e 19 01 00 37 00 00 00 00 00 00 00 07 7f f7
2:0   	f0 43 10 3e 19 01 00 37 00 00 00 01 00 00 00 00 00 f7
2:100		f0 43 10 3e 19 01 00 37 00 00 00 01 00 00 00 07 7f f7
DCA
16:100	f0 43 10 3e 19 01 01 00 00 00 00 0f 00 00 00 07 7f f7
MIX
1:100		f0 43 10 3e 19 01 00 54 00 00 00 00 00 00 00 07 7f f7
MATRICE
8:100		f0 43 10 3e 19 01 00 65 00 00 00 07 00 00 00 07 7f f7
MASTER
1				f0 43 10 3e 19 01 00 73 00 00 00 01 00 00 00 07 7f f7
2				f0 43 10 3e 19 01 02 52 00 13 00 00 00 00 00 07 7f f7




MUTE
OFF			f0 43 10 3e 19 01 00 35 00 00 00 00 00 00 00 00 01 f7
ON			f0 43 10 3e 19 01 00 35 00 00 00 00 00 00 00 00 01 f7

CUE
ON			f0 43 10 3e 19 01 02 09 00 00 00 00 00 00 00 00 01 f7
				f0 43 10 3e 19 01 07 04 00 00 00 00 00 00 00 00 01 f7
OFF			f0 43 10 3e 19 01 02 09 00 00 00 00 00 00 00 00 00 f7
				f0 43 10 3e 19 01 07 04 00 00 00 00 00 00 00 00 00 f7

PAGE
IN:1		f0 43 10 3e 19 01 01 33 00 00 00 00 00 00 00 00 00 f7
IN:2		f0 43 10 3e 19 01 01 33 00 00 00 00 00 00 00 00 01 f7
IN:3		f0 43 10 3e 19 01 01 33 00 00 00 00 00 00 00 00 02 f7
DCAM:1	f0 43 10 3e 19 01 01 33 00 04 00 00 00 00 00 00 00 f7
DCAD:1	f0 43 10 3e 19 01 01 33 00 01 00 00 00 00 00 00 01 f7
